button 0 100 50 100 100 255 0 0 NOR 3 0 -1
button 0 250 50 100 100 0 255 0 REF 3 1 -1
button 0 400 50 100 100 0 0 255 INV 3 2 -1
button 0 550 50 100 100 255 255 0 IMG 3 3 -1
button 0 700 50 100 100 0 255 255 GLI 3 4 -1
button 0 850 50 100 100 255 0 255 MELT 3 5 -1

slider angle 0 160 300 540 1 -45 45 0 1
slider scale 300 160 300 540 1 0.5 2 1 .05
skip slider tranx 600 160 300 540 1 -3 3 0 1
skip slider trany 900 160 300 540 1 -3 3 0 1

slider color.r 600 160 200 540 1 0 255 128 1
slider color.g 800 160 200 540 1 0 255 128 1
slider color.b 1000 160 200 540 1 0 255 128 1



button 1 25 700 100 100 255 0 0 REC 9 0 0
button 1 175 700 100 100 255 100 0 ACT 9 1 0
button 1 325 700 100 100 255 0 0 REC 9 0 1
button 1 475 700 100 100 255 100 0 ACT 9 1 1

button 0 100 800 100 100 255 0 0 RED 8 0 -1
button 0 250 800 100 100 0 255 0 GRN 8 1 -1
button 0 400 800 100 100 0 0 255 BLU 8 2 -1
button 0 550 800 100 100 0 255 255 CYN 8 3 -1
button 0 700 800 100 100 255 0 255 MAG 8 4 -1
button 0 850 800 100 100 255 100 0 ONG 8 5 -1

button 1 1000 800 100 100 255 255 255 R.COLOR 9 0 4
button 1 1100 800 100 100 0 0 0 A.COLOR 9 1 4